
BodyAVGDL = 319.52423534118395

TITLE_AVGDL = 2.525706459849008

ANCHOR_TEXT_AVGDL = 79.8183118653278

